0 0
1 1
2 1
3 0
4 3
5 1
6 3
7 4
8 2
9 3
10 1
11 1
12 1
13 4
14 3
15 3
16 1
17 5
18 1
19 2
20 3
21 1
22 3
23 0
24 4
25 1
26 4
27 0
28 3
29 0
30 1
31 3
32 0
33 0
34 0
35 1
36 0
37 3
38 3
39 1
40 1
41 5
42 3
43 1
44 3
45 3
46 2
47 0
48 0
49 3
50 3
51 5
52 2
53 3
54 3
55 3
56 3
57 1
58 1
59 1
60 1
61 1
62 3
63 0
64 0
65 0
66 3
67 4
68 0
69 0
70 0
71 2
72 3
73 3
74 0
75 4
76 3
77 0
78 1
79 1
80 3
81 3
82 2
83 2
84 2
85 1
86 4
87 2
88 0
89 2
90 2
91 2
92 3
93 1
94 3
95 4
96 3
97 1
98 3
99 4
100 3
101 2
102 3
103 1
104 0
105 3
106 1
107 0
108 3
109 1
110 0
111 1
112 5
113 1
114 1
115 3
116 0
117 1
118 0
119 0
120 1
121 0
122 4
123 1
124 0
125 1
126 1
127 3
128 0
129 0
130 3
131 1
132 3
133 3
134 3
135 2
136 3
137 3
138 1
139 0
140 1
141 3
142 3
143 3
144 5
145 2
146 3
147 2
148 3
149 3
150 3
151 0
152 1
153 3
154 3
155 3
156 3
157 3
158 0
159 1
160 1
161 1
162 1
163 4
164 4
165 3
166 1
167 2
168 0
169 1
170 1
171 3
172 2
173 3
174 3
175 3
176 1
177 1
178 0
179 2
180 3
181 3
182 1
183 1
184 2
185 3
186 3
187 1
188 0
189 2
190 3
191 1
192 4
193 1
194 3
195 3
196 4
197 3
198 1
199 0
200 3
201 0
202 2
203 1
204 2
205 0
206 3
207 3
208 0
209 0
210 1
211 2
212 0
213 0
214 1
215 3
216 2
217 1
218 3
219 3
220 2
221 0
222 3
223 3
224 0
225 1
226 1
227 2
228 3
229 1
230 3
231 3
232 0
233 3
234 1
235 3
236 3
237 2
238 3
239 1
240 3
241 3
242 1
243 1
244 2
245 3
246 3
247 1
248 2
249 3
250 4
251 2
252 2
253 4
254 1
255 3
256 3
257 1
258 1
259 3
260 3
261 3
262 1
263 4
264 3
265 1
266 3
267 2
268 2
269 2
270 2
271 2
272 3
273 2
274 2
275 2
276 3
277 2
278 3
279 3
280 3
281 3
282 3
283 3
284 3
285 1
286 0
287 0
288 1
289 1
290 0
291 0
292 3
293 1
294 3
295 1
296 2
297 3
298 1
299 3
300 2
301 0
302 3
303 2
304 0
305 3
306 1
307 1
308 3
309 4
310 1
311 1
312 3
313 1
314 1
315 0
316 3
317 3
318 3
319 3
320 3
321 1
322 3
323 0
324 3
325 3
326 3
327 0
328 3
329 1
330 1
331 4
332 0
333 3
334 3
335 3
336 1
337 3
338 3
339 0
340 2
341 0
342 3
343 3
344 3
345 3
346 1
347 3
348 0
349 4
350 2
351 3
352 2
353 1
354 1
355 2
356 1
357 2
358 3
359 2
360 0
361 4
362 1
363 2
364 1
365 1
366 1
367 3
368 3
369 1
370 3
371 3
372 2
373 0
374 1
375 3
376 3
377 1
378 1
379 4
380 1
381 2
382 1
383 1
384 1
385 0
386 0
387 0
388 2
389 3
390 2
391 3
392 0
393 0
394 3
395 3
396 4
397 3
398 0
399 3
400 0
401 3
402 3
403 4
404 3
405 1
406 0
407 1
408 0
409 1
410 3
411 0
412 3
413 3
414 3
415 3
416 3
417 1
418 1
419 0
420 0
421 1
422 3
423 0
424 3
425 3
426 4
427 2
428 1
429 3
430 4
431 2
432 3
433 0
434 0
435 3
436 3
437 3
438 3
439 3
440 1
441 3
442 3
443 3
444 3
445 3
446 3
447 0
448 1
449 2
450 3
451 3
452 0
453 2
454 3
455 1
456 3
457 2
458 3
459 3
460 3
461 3
462 1
463 1
464 0
465 2
466 1
467 4
468 0
469 0
470 3
471 3
472 4
473 3
474 1
475 3
476 3
477 3
478 3
479 2
480 3
481 1
482 1
483 3
484 4
485 3
486 0
487 3
488 4
489 0
490 2
491 2
492 3
493 4
494 1
495 3
496 1
497 0
498 1
499 3
500 1
501 2
502 3
503 3
504 3
505 3
506 3
507 3
508 0
509 0
510 1
511 3
512 3
513 3